4
11
4
12
5
10
8
1
11
2
8
6
14
3
1
8
4
10
1
11
6
8
11
5
3
2
2
9
12
10
13
13
1
3
12
10
13
7
3
4
6
1
1
9
11
1
11
10
4
7
7
1
6
11
2
12
13
5
11
7
14
14
8
4
1
3
9
13
3
1
6
12
9
11
12
3
3
13
2
3
10
13
5
5
11
2
14
11
9
5
5
12
13
10
5
8
2
6
2
10
1
14
13
6
6
4
14
7
6
11
14
5
6
13
5
5
5
3
5
9
3
8
14
13
9
7
11
2
12
4
11
3
10
14
13
12
4
7
12
11
13
2
5
1
6
9
12
6
14
4
13
8
3
2
6
9
9
5
14
2
2
1
8
13
14
9
5
4
8
11
1
14
13
11
3
5
3
4
8
2
8
2
1
5
5
6
8
8
6
9
10
13
4
1
13
7
9
14
3
14
8
11
8
11
2
12
4
9
7
11
1
1
9
2
12
2
4
9
8
7
12
6
6
5
14
3
7
1
9
9
1
3
12
8
3
12
1
6
8
7
8
9
11
4
4
12
10
2
2
4
5
10
14
4
9
8
10
9
3
7
10
2
2
7
9
1
11
11
7
10
6
10
7
12
4
14
6
5
7
7
8
8
7
1
7
5
10
7
6
10
10
7
14
3
8
3
14
7
3
1
6
8
11
12
13
7
5
4
8
4
8
4
7
3
14
4
4
5
13
10
14
12
5
1
7
8
4
3
2
10
13
4
3
14
10
13
9
6
2
13
11
4
1
4
12
14
9
10
9
11
10
14
12
10
11
12
10
10
13
6
13
9
6
12
14
2
6
5
13
14
11
8
2
7
7
1
12
6
9
2
11
13
2
10
13
3
6
12
1
13
8
12
14
13
6
3
3
7
3
5
1
12
10
2
5
14
11
4
14
2
12
6
7
10
5
9
1
12
9
9
